ticks, rabbits, foxes, biomass, r_births, f_births
0, 902, 98, 6738027.459749579, 0, 0
60, 940, 119, 6921364.224577069, 0, 0
120, 984, 134, 7102275.672779679, 0, 0
180, 1045, 146, 7280855.889217973, 0, 0
240, 1147, 150, 7456298.334094644, 0, 0
300, 1277, 108, 7628528.760953546, 0, 0
360, 1409, 109, 7795853.916777015, 0, 0
420, 1599, 102, 7959590.900734067, 0, 0
480, 1831, 101, 8119480.821269274, 0, 0
540, 2126, 102, 8270550.303933382, 0, 0
600, 2488, 100, 8414281.77774477, 0, 0
660, 2987, 96, 8549607.930865288, 0, 0
720, 3666, 87, 8666380.835101604, 0, 0
780, 4419, 76, 8769047.97895062, 0, 0
840, 5440, 60, 8854055.831335187, 0, 0
900, 6717, 54, 8913573.195054889, 0, 0
960, 8298, 46, 8939992.913061261, 0, 0
1020, 10095, 23, 8937930.912585497, 0, 0
1080, 12420, 20, 8893398.733680606, 0, 0
1140, 15229, 18, 8799954.855673313, 0, 0
1200, 18557, 16, 8655245.981864095, 0, 0
1260, 22540, 16, 8448776.547852993, 0, 0
1320, 27211, 16, 8178659.857412934, 0, 0
1380, 32562, 15, 7840557.300372124, 0, 0
1440, 38791, 14, 7427759.765627742, 38347, 77
1500, 45570, 15, 6961186.689660907, 38347, 77
1560, 52928, 15, 6427123.076646447, 38347, 77
1620, 60788, 18, 5845870.42587769, 38347, 77
1680, 69048, 21, 5229755.637878537, 38347, 77
1740, 77313, 24, 4602096.8946938515, 38347, 77
1800, 85221, 25, 3999385.3800530434, 38347, 77
1860, 92512, 32, 3430842.6857181787, 38347, 77
1920, 98883, 38, 2910640.103556156, 38347, 77
1980, 104300, 43, 2456985.910455942, 38347, 77
2040, 108693, 51, 2051926.7935906649, 38347, 77
2100, 111790, 64, 1715535.2042843103, 38347, 77
2160, 113630, 78, 1419034.0720416307, 38347, 77
2220, 114315, 93, 1149722.892428875, 38347, 77
2280, 113501, 112, 918725.3261117935, 38347, 77
2340, 111253, 141, 732257.8313024044, 38347, 77
2400, 107451, 157, 591989.6605228186, 38347, 77
2460, 102136, 192, 495245.18310391903, 38347, 77
2520, 95587, 212, 430806.5795533657, 38347, 77
2580, 88476, 237, 380674.4686779976, 38347, 77
2640, 81032, 244, 339366.39101839066, 38347, 77
2700, 73906, 254, 305443.28501200676, 38347, 77
2760, 67071, 262, 276373.6770302057, 38347, 77
2820, 60531, 272, 248375.95044457912, 38347, 77
2880, 54611, 273, 224678.377967, 99931, 407
2940, 49012, 271, 208543.3274486065, 99931, 407
3000, 44078, 271, 194209.74687469006, 99931, 407
3060, 39954, 269, 184590.68426775932, 99931, 407
3120, 36372, 262, 177425.37089633942, 99931, 407
3180, 33351, 263, 178188.20080828667, 99931, 407
3240, 30702, 258, 183931.79821562767, 99931, 407
3300, 28644, 246, 194135.97233772278, 99931, 407
3360, 26917, 237, 209314.50323200226, 99931, 407
3420, 25604, 224, 230555.51046276093, 99931, 407
3480, 24586, 221, 251867.32230854034, 99931, 407
3540, 23725, 204, 274124.9655828476, 99931, 407
3600, 23022, 196, 297737.03238868713, 99931, 407
3660, 22405, 193, 322535.05127334595, 99931, 407
3720, 21930, 186, 345658.73402404785, 99931, 407
3780, 21587, 170, 369719.6784057617, 99931, 407
3840, 21302, 163, 392697.475025177, 99931, 407
3900, 21044, 160, 413218.706073761, 99931, 407
3960, 20876, 159, 433620.5141105652, 99931, 407
4020, 20849, 159, 455695.7576560974, 99931, 407
