ticks, rabbits, foxes, biomass, r_births, f_births
0, 889, 119, 46163.57435846329, 4, 4
60, 938, 192, 45713.9296694994, 4, 4
120, 783, 220, 43588.81989920139, 4, 4
180, 594, 242, 41634.151842832565, 4, 4
240, 437, 248, 39681.76547718048, 4, 4
300, 299, 242, 38117.05746150017, 4, 4
360, 225, 240, 37153.081072092056, 4, 4
420, 175, 237, 37086.5759190321, 4, 4
480, 140, 229, 37269.59611570835, 4, 4
540, 101, 219, 38268.02690398693, 4, 4
600, 70, 207, 39444.17451286316, 4, 4
660, 55, 196, 40534.11414384842, 4, 4
720, 37, 179, 41816.97313737869, 4, 4
780, 25, 147, 43129.23522615433, 4, 4
840, 28, 124, 44341.16112089157, 4, 4
900, 21, 96, 45615.471016168594, 4, 4
960, 22, 65, 46844.164017915726, 4, 4
1020, 17, 47, 48299.89678025246, 4, 4
1080, 18, 31, 49710.74649357796, 4, 4
1140, 22, 21, 51035.6513903141, 4, 4
1200, 21, 15, 52293.264452934265, 4, 4
1260, 20, 10, 53530.77423095703, 4, 4
1320, 20, 6, 54852.13606548309, 4, 4
1380, 21, 5, 56240.43428182602, 4, 4
1440, 22, 3, 57689.28396272659, 551, 204
1500, 29, 2, 59007.85194826126, 551, 204
1560, 34, 2, 59935.06147003174, 551, 204
1620, 46, 2, 60472.26332950592, 551, 204
1680, 57, 2, 61091.10406279564, 551, 204
1740, 73, 1, 61265.99577283859, 551, 204
1800, 83, 1, 61583.42842292786, 551, 204
1860, 99, 1, 61675.48052120209, 551, 204
1920, 119, 1, 61076.92240476608, 551, 204
1980, 141, 1, 60609.17431950569, 551, 204
2040, 166, 1, 59782.27762341499, 551, 204
2100, 201, 1, 57978.00268864632, 551, 204
2160, 234, 1, 56430.19299554825, 551, 204
2220, 271, 1, 54810.42520093918, 551, 204
2280, 317, 1, 52660.026473522186, 551, 204
2340, 351, 1, 50731.13941574097, 551, 204
2400, 382, 1, 48521.5488653183, 551, 204
2460, 418, 1, 46311.54720592499, 551, 204
2520, 445, 1, 44056.45910048485, 551, 204
2580, 479, 1, 41021.17038607597, 551, 204
2640, 517, 1, 38227.68560194969, 551, 204
2700, 538, 1, 36672.4457013607, 551, 204
2760, 555, 0, 35612.792489767075, 551, 204
2820, 560, 0, 35127.3691008091, 551, 204
2880, 567, 0, 34632.42752575874, 597, 0
2940, 572, 0, 34155.513615846634, 597, 0
3000, 570, 0, 33491.03477883339, 597, 0
3060, 565, 0, 32969.730655908585, 597, 0
3120, 555, 0, 32590.439558267593, 597, 0
3180, 538, 0, 32364.220892190933, 597, 0
3240, 521, 0, 32514.396238565445, 597, 0
3300, 495, 0, 32978.89623832703, 597, 0
3360, 453, 0, 33310.39623451233, 597, 0
3420, 418, 0, 33998.39623451233, 597, 0
3480, 383, 0, 34421.396231651306, 597, 0
3540, 342, 0, 34883.89623212814, 597, 0
3600, 317, 0, 35295.89623212814, 597, 0
3660, 287, 0, 35806.89623260498, 597, 0
3720, 264, 0, 36423.39623260498, 597, 0
3780, 231, 0, 37024.39623260498, 597, 0
3840, 211, 0, 37347.896233558655, 597, 0
3900, 197, 0, 38001.396231651306, 597, 0
3960, 181, 0, 38471.39623117447, 597, 0
4020, 175, 0, 39079.89623117447, 597, 0
4080, 163, 0, 39680.396231651306, 597, 0
4140, 157, 0, 40251.396231651306, 597, 0
4200, 149, 0, 40686.89622879028, 597, 0
4260, 145, 0, 41242.89623069763, 597, 0
4320, 143, 0, 41699.39623069763, 69, 0
4380, 138, 0, 42139.896231651306, 69, 0
4440, 139, 0, 42722.39623641968, 69, 0
4500, 140, 0, 43268.39623641968, 69, 0
4560, 144, 0, 43849.89623832703, 69, 0
4620, 143, 0, 44327.89623832703, 69, 0
4680, 146, 0, 44954.896240234375, 69, 0
4740, 146, 0, 45428.89624118805, 69, 0
4800, 150, 0, 45742.39624118805, 69, 0
4860, 151, 0, 46360.3962392807, 69, 0
4920, 151, 0, 46750.39623904228, 69, 0
4980, 160, 0, 47178.39623618126, 69, 0
5040, 161, 0, 47715.89623618126, 69, 0
5100, 167, 0, 48191.39623808861, 69, 0
5160, 167, 0, 48795.39623808861, 69, 0
5220, 167, 0, 49383.89623999596, 69, 0
5280, 168, 0, 49760.89623713493, 69, 0
5340, 170, 0, 50303.39623713493, 69, 0
5400, 172, 0, 50749.89623808861, 69, 0
5460, 176, 0, 51259.89623808861, 69, 0
5520, 179, 0, 51890.39623618126, 69, 0
5580, 186, 0, 52316.39623808861, 69, 0
5640, 186, 0, 52693.39623618126, 69, 0
5700, 187, 0, 53182.39623808861, 69, 0
5760, 189, 0, 53733.89623904228, 68, 0
5820, 191, 0, 54074.39623904228, 68, 0
5880, 193, 0, 54701.39623904228, 68, 0
5940, 197, 0, 55057.89624285698, 68, 0
6000, 196, 0, 55495.39624285698, 68, 0
6060, 201, 0, 55980.89624285698, 68, 0
6120, 198, 0, 56400.39623427391, 68, 0
6180, 198, 0, 56869.39623427391, 68, 0
6240, 198, 0, 57275.89623427391, 68, 0
6300, 198, 0, 57680.89623999596, 68, 0
6360, 195, 0, 58225.896241903305, 68, 0
6420, 196, 0, 58705.396241903305, 68, 0
6480, 196, 0, 59150.896241903305, 68, 0
6540, 196, 0, 59771.89623999596, 68, 0
6600, 194, 0, 60160.89623999596, 68, 0
6660, 197, 0, 60728.89623999596, 68, 0
6720, 197, 0, 61129.39623999596, 68, 0
6780, 197, 0, 61709.39623999596, 68, 0
6840, 193, 0, 62247.39623999596, 68, 0
6900, 189, 0, 62712.896243810654, 68, 0
6960, 189, 0, 63282.39624142647, 68, 0
7020, 191, 0, 63731.396241903305, 68, 0
7080, 187, 0, 64238.89623808861, 68, 0
7140, 187, 0, 64737.89623808861, 68, 0
7200, 188, 0, 65191.39623808861, 34, 0
7260, 188, 0, 65717.89623713493, 34, 0
7320, 186, 0, 66230.39623332024, 34, 0
7380, 183, 0, 66658.89623332024, 34, 0
7440, 185, 0, 67062.39623332024, 34, 0
7500, 187, 0, 67636.39623332024, 34, 0
7560, 189, 0, 68062.39623522758, 34, 0
7620, 190, 0, 68522.89623522758, 34, 0
7680, 190, 0, 68911.39623522758, 34, 0
7740, 191, 0, 69369.89623713493, 34, 0
7800, 191, 0, 69797.39623713493, 34, 0
7860, 190, 0, 70402.89623713493, 34, 0
7920, 191, 0, 70837.89623713493, 34, 0
7980, 189, 0, 71448.89623808861, 34, 0
8040, 192, 0, 71794.89624094963, 34, 0
8100, 195, 0, 72153.89624094963, 34, 0
8160, 195, 0, 72520.89624094963, 34, 0
8220, 197, 0, 72966.39624094963, 34, 0
8280, 197, 0, 73450.39623904228, 34, 0
8340, 195, 0, 73817.39623904228, 34, 0
8400, 192, 0, 74220.39623904228, 34, 0
8460, 188, 0, 74850.39623522758, 34, 0
8520, 189, 0, 75304.89623522758, 34, 0
8580, 190, 0, 75671.89624094963, 34, 0
8640, 192, 0, 76344.89624094963, 36, 0
8700, 188, 0, 76909.89624094963, 36, 0
8760, 188, 0, 77425.89623904228, 36, 0
8820, 189, 0, 77993.39623904228, 36, 0
8880, 189, 0, 78347.39623904228, 36, 0
8940, 190, 0, 78814.89623904228, 36, 0
9000, 188, 0, 79435.39623808861, 36, 0
9060, 192, 0, 79930.89623999596, 36, 0
9120, 189, 0, 80365.89623999596, 36, 0
9180, 187, 0, 80837.39623999596, 36, 0
9240, 189, 0, 81405.39624381065, 36, 0
9300, 188, 0, 81824.89624381065, 36, 0
9360, 188, 0, 82293.89623808861, 36, 0
9420, 191, 0, 82602.89623618126, 36, 0
9480, 190, 0, 83011.39623618126, 36, 0
9540, 191, 0, 83707.89623618126, 36, 0
9600, 190, 0, 84317.89623999596, 36, 0
9660, 190, 0, 84947.39623808861, 36, 0
9720, 190, 0, 85434.89623808861, 36, 0
9780, 192, 0, 85852.89623904228, 36, 0
9840, 194, 0, 86280.89623904228, 36, 0
9900, 193, 0, 86781.39623904228, 36, 0
9960, 190, 0, 87282.39624094963, 36, 0
10020, 192, 0, 87783.8962419033, 36, 0
10080, 189, 0, 88333.39623808861, 37, 0
10140, 190, 0, 88626.39623808861, 37, 0
10200, 187, 0, 89295.39623427391, 37, 0
10260, 186, 0, 89652.39623427391, 37, 0
10320, 189, 0, 90200.89623045921, 37, 0
10380, 188, 0, 90736.39622664452, 37, 0
10440, 188, 0, 91242.89623045921, 37, 0
10500, 189, 0, 91769.89622664452, 37, 0
10560, 188, 0, 92179.39622664452, 37, 0
10620, 187, 0, 92651.89622664452, 37, 0
10680, 189, 0, 93100.39622664452, 37, 0
10740, 190, 0, 93629.39622664452, 37, 0
10800, 189, 0, 94086.39622664452, 37, 0
10860, 191, 0, 94643.89623045921, 37, 0
10920, 192, 0, 95179.89623045921, 37, 0
10980, 188, 0, 95682.39623045921, 37, 0
11040, 186, 0, 96193.89623427391, 37, 0
11100, 187, 0, 96661.39623427391, 37, 0
11160, 188, 0, 97205.39623427391, 37, 0
11220, 187, 0, 97749.89623045921, 37, 0
11280, 184, 0, 98139.89623045921, 37, 0
11340, 184, 0, 98629.39623045921, 37, 0
11400, 183, 0, 99197.39623427391, 37, 0
11460, 183, 0, 99598.89623045921, 37, 0
11520, 181, 0, 100068.39623045921, 37, 0
11580, 177, 0, 100577.89622855186, 37, 0
11640, 177, 0, 101282.89623618126, 37, 0
11700, 177, 0, 101703.89623618126, 37, 0
11760, 177, 0, 102199.89623427391, 37, 0
11820, 178, 0, 102673.89622664452, 37, 0
11880, 176, 0, 103175.39622664452, 37, 0
11940, 178, 0, 103695.89622664452, 37, 0
12000, 177, 0, 104259.89622664452, 37, 0
12060, 177, 0, 104760.39622473717, 37, 0
12120, 176, 0, 105341.39622664452, 37, 0
12180, 177, 0, 105838.39622282982, 37, 0
12240, 177, 0, 106314.39622855186, 37, 0
12300, 177, 0, 106778.89622855186, 37, 0
12360, 182, 0, 107279.89622855186, 37, 0
12420, 180, 0, 107699.89622855186, 37, 0
12480, 181, 0, 108128.39622855186, 37, 0
12540, 185, 0, 108661.39622664452, 37, 0
12600, 185, 0, 109217.89622664452, 37, 0
12660, 187, 0, 109622.89622664452, 37, 0
12720, 186, 0, 110102.39622664452, 37, 0
12780, 185, 0, 110597.39622664452, 37, 0
12840, 187, 0, 111137.39622664452, 37, 0
12900, 186, 0, 111813.39622712135, 37, 0
12960, 188, 0, 112286.396225214, 45, 0
13020, 188, 0, 112862.8962213993, 45, 0
13080, 187, 0, 113298.3962213993, 45, 0
13140, 187, 0, 113814.3962213993, 45, 0
13200, 188, 0, 114365.8962213993, 45, 0
13260, 186, 0, 114961.3962213993, 45, 0
13320, 187, 0, 115415.89622330666, 45, 0
13380, 185, 0, 115788.89621949196, 45, 0
13440, 184, 0, 116240.39621949196, 45, 0
13500, 184, 0, 116763.89621949196, 45, 0
13560, 183, 0, 117279.39621949196, 45, 0
13620, 179, 0, 117803.39621567726, 45, 0
13680, 179, 0, 118210.39621567726, 45, 0
13740, 179, 0, 118781.89621186256, 45, 0
13800, 179, 0, 119318.89621520042, 45, 0
13860, 180, 0, 119750.39621543884, 45, 0
13920, 180, 0, 120091.39621543884, 45, 0
13980, 181, 0, 120665.89621543884, 45, 0
14040, 179, 0, 121122.39621543884, 45, 0
14100, 179, 0, 121488.39621543884, 45, 0
14160, 179, 0, 121807.89621543884, 45, 0
14220, 182, 0, 122439.89621543884, 45, 0
14280, 183, 0, 123020.89621162415, 45, 0
14340, 183, 0, 123530.3962135315, 45, 0
14400, 183, 0, 124023.8962135315, 28, 0
14460, 184, 0, 124537.3962135315, 28, 0
14520, 184, 0, 125024.39621162415, 28, 0
14580, 183, 0, 125491.39621162415, 28, 0
14640, 181, 0, 125823.89621162415, 28, 0
14700, 182, 0, 126263.39621162415, 28, 0
14760, 182, 0, 126908.89621162415, 28, 0
14820, 184, 0, 127323.89621162415, 28, 0
14880, 183, 0, 127770.3962135315, 28, 0
14940, 182, 0, 128191.8962097168, 28, 0
15000, 181, 0, 128714.89620780945, 28, 0
15060, 181, 0, 129150.39620780945, 28, 0
15120, 179, 0, 129534.39620780945, 28, 0
15180, 180, 0, 130018.89621162415, 28, 0
15240, 180, 0, 130517.39620780945, 28, 0
15300, 184, 0, 131136.39620780945, 28, 0
15360, 187, 0, 131668.89620399475, 28, 0
15420, 188, 0, 132124.39620399475, 28, 0
15480, 185, 0, 132465.89620399475, 28, 0
15540, 191, 0, 132998.39620399475, 28, 0
15600, 192, 0, 133489.39620399475, 28, 0
15660, 191, 0, 134027.89620399475, 28, 0
15720, 192, 0, 134589.39620399475, 28, 0
15780, 192, 0, 134966.8962059021, 28, 0
15840, 191, 0, 135590.3962059021, 41, 0
15900, 188, 0, 136124.8962020874, 41, 0
15960, 189, 0, 136573.8962020874, 41, 0
16020, 190, 0, 136901.3961982727, 41, 0
16080, 189, 0, 137483.3961982727, 41, 0
16140, 189, 0, 137807.3962020874, 41, 0
16200, 190, 0, 138393.8962020874, 41, 0
16260, 187, 0, 138791.8962020874, 41, 0
16320, 187, 0, 139270.3962020874, 41, 0
16380, 188, 0, 139807.8962020874, 41, 0
16440, 186, 0, 140288.8962020874, 41, 0
16500, 189, 0, 140664.8962020874, 41, 0
16560, 189, 0, 141308.3962059021, 41, 0
16620, 188, 0, 141753.3962020874, 41, 0
16680, 188, 0, 142303.89620018005, 41, 0
16740, 190, 0, 142954.89620018005, 41, 0
16800, 189, 0, 143538.39620018005, 41, 0
16860, 191, 0, 144025.39620018005, 41, 0
16920, 191, 0, 144504.89620018005, 41, 0
16980, 195, 0, 144960.89620399475, 41, 0
17040, 196, 0, 145282.89620399475, 41, 0
17100, 197, 0, 145720.89620399475, 41, 0
17160, 198, 0, 146093.3962059021, 41, 0
17220, 197, 0, 146600.3962059021, 41, 0
17280, 198, 0, 147294.3962059021, 40, 0
17340, 199, 0, 147900.39620399475, 40, 0
17400, 198, 0, 148306.3962020874, 40, 0
17460, 195, 0, 148790.8962020874, 40, 0
17520, 196, 0, 149362.3962020874, 40, 0
17580, 193, 0, 149736.8962020874, 40, 0
17640, 194, 0, 150231.8962020874, 40, 0
17700, 196, 0, 150769.8962020874, 40, 0
17760, 196, 0, 151235.8962020874, 40, 0
17820, 196, 0, 151721.3962020874, 40, 0
17880, 195, 0, 152220.8961982727, 40, 0
17940, 193, 0, 152956.39619636536, 40, 0
18000, 193, 0, 153420.89619255066, 40, 0
18060, 194, 0, 153980.39619255066, 40, 0
18120, 193, 0, 154442.39619255066, 40, 0
18180, 192, 0, 155020.89619255066, 40, 0
18240, 192, 0, 155499.8961906433, 40, 0
18300, 192, 0, 155857.3961868286, 40, 0
18360, 194, 0, 156312.3961868286, 40, 0
18420, 193, 0, 156841.3961868286, 40, 0
18480, 191, 0, 157368.3961906433, 40, 0
18540, 188, 0, 157864.8961906433, 40, 0
18600, 187, 0, 158326.3961906433, 40, 0
18660, 185, 0, 158814.8961906433, 40, 0
18720, 182, 0, 159222.396194458, 34, 0
18780, 181, 0, 159630.396194458, 34, 0
18840, 178, 0, 160148.896194458, 34, 0
18900, 179, 0, 160681.396194458, 34, 0
18960, 178, 0, 161137.8961906433, 34, 0
19020, 177, 0, 161748.3961906433, 34, 0
19080, 177, 0, 162293.3961868286, 34, 0
19140, 180, 0, 162704.89618301392, 34, 0
19200, 181, 0, 163255.39617919922, 34, 0
19260, 181, 0, 163623.89617919922, 34, 0
19320, 180, 0, 164215.39617919922, 34, 0
19380, 181, 0, 164680.39617538452, 34, 0
19440, 181, 0, 165107.39617347717, 34, 0
19500, 181, 0, 165652.39617347717, 34, 0
19560, 184, 0, 166157.39617347717, 34, 0
19620, 181, 0, 166736.39617729187, 34, 0
19680, 180, 0, 167342.89617729187, 34, 0
19740, 184, 0, 167697.89617729187, 34, 0
19800, 183, 0, 168136.89618110657, 34, 0
19860, 186, 0, 168712.39618110657, 34, 0
19920, 189, 0, 169216.39618110657, 34, 0
19980, 188, 0, 169701.89618110657, 34, 0
20040, 188, 0, 170065.89617919922, 34, 0
20100, 193, 0, 170493.89617919922, 34, 0
20160, 194, 0, 170987.89617919922, 46, 0
20220, 194, 0, 171488.39617919922, 46, 0
20280, 194, 0, 171892.39617538452, 46, 0
20340, 194, 0, 172428.39617538452, 46, 0
20400, 193, 0, 172918.89617156982, 46, 0
20460, 194, 0, 173557.39617156982, 46, 0
20520, 193, 0, 174033.89617538452, 46, 0
20580, 194, 0, 174509.89617919922, 46, 0
20640, 195, 0, 174930.39617919922, 46, 0
20700, 194, 0, 175389.39617919922, 46, 0
20760, 191, 0, 175901.39617919922, 46, 0
20820, 190, 0, 176322.89617919922, 46, 0
20880, 189, 0, 176939.89617919922, 46, 0
20940, 187, 0, 177488.89617538452, 46, 0
21000, 186, 0, 177946.89617538452, 46, 0
21060, 184, 0, 178511.39617538452, 46, 0
21120, 183, 0, 178984.89617538452, 46, 0
21180, 182, 0, 179456.39617538452, 46, 0
21240, 184, 0, 179962.89617538452, 46, 0
21300, 186, 0, 180496.89617538452, 46, 0
21360, 185, 0, 180915.39617538452, 46, 0
21420, 184, 0, 181586.39617538452, 46, 0
21480, 189, 0, 182059.89617538452, 46, 0
21540, 188, 0, 182442.89617538452, 46, 0
21600, 187, 0, 182985.89617538452, 38, 0
21660, 188, 0, 183279.89617538452, 38, 0
21720, 188, 0, 183776.89617919922, 38, 0
21780, 189, 0, 184362.39617919922, 38, 0
21840, 190, 0, 184758.89617538452, 38, 0
21900, 188, 0, 185029.89617538452, 38, 0
21960, 187, 0, 185552.39617538452, 38, 0
22020, 186, 0, 186127.89617538452, 38, 0
22080, 185, 0, 186674.39617538452, 38, 0
22140, 186, 0, 187144.39616966248, 38, 0
22200, 187, 0, 187724.89616966248, 38, 0
22260, 186, 0, 188098.39616966248, 38, 0
22320, 184, 0, 188679.39616966248, 38, 0
22380, 187, 0, 189273.89616966248, 38, 0
22440, 186, 0, 189796.39616966248, 38, 0
22500, 185, 0, 190243.89616966248, 38, 0
22560, 186, 0, 190754.89616966248, 38, 0
22620, 186, 0, 191326.39616966248, 38, 0
22680, 185, 0, 191702.89616584778, 38, 0
22740, 186, 0, 192172.89616584778, 38, 0
22800, 185, 0, 192734.39616584778, 38, 0
22860, 182, 0, 193169.39616203308, 38, 0
22920, 180, 0, 193917.89616203308, 38, 0
22980, 183, 0, 194355.89616203308, 38, 0
23040, 187, 0, 194786.39616584778, 40, 0
23100, 189, 0, 195335.39616966248, 40, 0
23160, 189, 0, 195772.89616966248, 40, 0
23220, 186, 0, 196258.89616966248, 40, 0
23280, 187, 0, 196647.39616966248, 40, 0
23340, 189, 0, 197244.39616966248, 40, 0
23400, 190, 0, 197799.89616966248, 40, 0
23460, 187, 0, 198357.39616966248, 40, 0
23520, 183, 0, 198867.89616966248, 40, 0
23580, 182, 0, 199433.39616966248, 40, 0
23640, 179, 0, 199907.39616584778, 40, 0
23700, 178, 0, 200376.89616966248, 40, 0
23760, 179, 0, 201110.39616966248, 40, 0
23820, 181, 0, 201619.39616966248, 40, 0
23880, 183, 0, 202183.39616966248, 40, 0
23940, 183, 0, 202569.39616966248, 40, 0
24000, 183, 0, 203090.39616966248, 40, 0
24060, 182, 0, 203657.89616966248, 40, 0
24120, 183, 0, 204060.39616966248, 40, 0
24180, 183, 0, 204663.89616966248, 40, 0
24240, 182, 0, 205071.39616966248, 40, 0
24300, 179, 0, 205684.89616966248, 40, 0
24360, 178, 0, 206144.39617347717, 40, 0
24420, 181, 0, 206595.39617347717, 40, 0
24480, 186, 0, 207234.39617347717, 37, 0
24540, 189, 0, 207599.39617347717, 37, 0
24600, 186, 0, 208002.89617347717, 37, 0
24660, 189, 0, 208442.39617347717, 37, 0
24720, 188, 0, 209007.89617347717, 37, 0
24780, 189, 0, 209575.89617347717, 37, 0
24840, 190, 0, 210108.89617347717, 37, 0
24900, 191, 0, 210527.89617347717, 37, 0
24960, 196, 0, 210916.89617347717, 37, 0
25020, 198, 0, 211451.89617347717, 37, 0
25080, 196, 0, 212056.39617347717, 37, 0
25140, 197, 0, 212585.39617729187, 37, 0
25200, 196, 0, 212986.39617729187, 37, 0
25260, 196, 0, 213391.89617729187, 37, 0
25320, 194, 0, 213793.39617347717, 37, 0
25380, 194, 0, 214338.89617347717, 37, 0
25440, 195, 0, 214882.39617347717, 37, 0
25500, 194, 0, 215421.89617347717, 37, 0
25560, 196, 0, 215823.39617347717, 37, 0
25620, 196, 0, 216408.39617347717, 37, 0
25680, 195, 0, 216840.89617347717, 37, 0
25740, 192, 0, 217242.89617347717, 37, 0
25800, 192, 0, 217828.89617347717, 37, 0
25860, 184, 0, 218309.39616966248, 37, 0
25920, 183, 0, 218731.39616966248, 33, 0
25980, 183, 0, 219201.89616584778, 33, 0
26040, 184, 0, 219652.39616584778, 33, 0
26100, 185, 0, 220245.39616584778, 33, 0
26160, 187, 0, 220581.89616584778, 33, 0
26220, 188, 0, 221004.39616584778, 33, 0
26280, 186, 0, 221478.89616584778, 33, 0
26340, 191, 0, 221891.39616966248, 33, 0
26400, 189, 0, 222439.89616966248, 33, 0
26460, 190, 0, 222927.89616584778, 33, 0
26520, 191, 0, 223486.89616203308, 33, 0
26580, 192, 0, 223840.39616203308, 33, 0
26640, 189, 0, 224283.89616203308, 33, 0
26700, 190, 0, 224757.89616203308, 33, 0
26760, 189, 0, 225267.89616203308, 33, 0
26820, 190, 0, 225706.39616203308, 33, 0
26880, 189, 0, 226223.89616203308, 33, 0
26940, 189, 0, 226769.89616203308, 33, 0
27000, 190, 0, 227456.89616394043, 33, 0
27060, 193, 0, 227935.39616394043, 33, 0
27120, 192, 0, 228282.89616394043, 33, 0
27180, 191, 0, 228783.89616394043, 33, 0
27240, 188, 0, 229233.39616394043, 33, 0
27300, 189, 0, 229652.89616394043, 33, 0
27360, 192, 0, 230250.89616394043, 42, 0
27420, 191, 0, 230816.39615631104, 42, 0
27480, 191, 0, 231323.39615631104, 42, 0
27540, 192, 0, 232014.39615631104, 42, 0
27600, 191, 0, 232383.39616012573, 42, 0
27660, 189, 0, 232884.89616012573, 42, 0
27720, 189, 0, 233306.39616012573, 42, 0
27780, 186, 0, 233835.39616012573, 42, 0
27840, 188, 0, 234365.89616012573, 42, 0
27900, 188, 0, 234871.89616012573, 42, 0
27960, 188, 0, 235427.39616012573, 42, 0
28020, 189, 0, 235921.89616012573, 42, 0
28080, 189, 0, 236387.39615631104, 42, 0
28140, 187, 0, 236902.89615631104, 42, 0
28200, 186, 0, 237276.39615631104, 42, 0
28260, 187, 0, 237856.89616394043, 42, 0
28320, 184, 0, 238396.39616394043, 42, 0
28380, 185, 0, 238867.39616394043, 42, 0
28440, 184, 0, 239398.39616394043, 42, 0
28500, 182, 0, 239820.89616394043, 42, 0
28560, 182, 0, 240129.39616394043, 42, 0
28620, 184, 0, 240492.39616394043, 42, 0
28680, 186, 0, 241128.89616394043, 42, 0
28740, 185, 0, 241496.89616394043, 42, 0
28800, 186, 0, 241872.89616394043, 32, 0
28860, 188, 0, 242537.39616394043, 32, 0
28920, 186, 0, 242929.89616394043, 32, 0
28980, 187, 0, 243375.39616394043, 32, 0
29040, 185, 0, 243921.89616394043, 32, 0
29100, 185, 0, 244396.89616012573, 32, 0
29160, 187, 0, 244803.89616012573, 32, 0
29220, 192, 0, 245254.39616012573, 32, 0
29280, 192, 0, 245802.39615631104, 32, 0
29340, 194, 0, 246283.89615249634, 32, 0
29400, 193, 0, 246669.89615249634, 32, 0
29460, 195, 0, 247035.89615249634, 32, 0
29520, 194, 0, 247560.39615249634, 32, 0
29580, 193, 0, 247884.89615249634, 32, 0
29640, 191, 0, 248411.39615249634, 32, 0
29700, 194, 0, 248775.39615249634, 32, 0
29760, 193, 0, 249368.39615631104, 32, 0
29820, 189, 0, 249940.89616012573, 32, 0
29880, 191, 0, 250429.39616012573, 32, 0
29940, 192, 0, 250865.39616394043, 32, 0
30000, 195, 0, 251266.89616394043, 32, 0
30060, 196, 0, 251622.89616394043, 32, 0
30120, 196, 0, 252049.39616394043, 32, 0
30180, 195, 0, 252567.89616394043, 32, 0
30240, 193, 0, 253030.39616394043, 43, 0
30300, 192, 0, 253543.39616394043, 43, 0
30360, 193, 0, 254060.89616012573, 43, 0
30420, 194, 0, 254614.89616012573, 43, 0
30480, 195, 0, 255151.39616012573, 43, 0
30540, 195, 0, 255561.39616012573, 43, 0
30600, 195, 0, 256193.89616012573, 43, 0
30660, 194, 0, 256639.39616012573, 43, 0
30720, 193, 0, 257120.89616012573, 43, 0
30780, 192, 0, 257517.89616012573, 43, 0
30840, 187, 0, 257935.89616012573, 43, 0
30900, 187, 0, 258389.39616775513, 43, 0
30960, 187, 0, 258928.89616775513, 43, 0
31020, 187, 0, 259394.39616775513, 43, 0
31080, 187, 0, 259817.89616775513, 43, 0
31140, 188, 0, 260554.39616775513, 43, 0
31200, 189, 0, 261100.39616775513, 43, 0
31260, 190, 0, 261476.39616775513, 43, 0
31320, 190, 0, 261808.39616775513, 43, 0
31380, 192, 0, 262321.3961677551, 43, 0
31440, 191, 0, 262920.3961677551, 43, 0
31500, 192, 0, 263377.8961677551, 43, 0
31560, 193, 0, 263734.3961677551, 43, 0
31620, 195, 0, 264203.8961677551, 43, 0
31680, 195, 0, 264763.3961677551, 39, 0
31740, 193, 0, 265233.8961677551, 39, 0
31800, 194, 0, 265708.3961715698, 39, 0
31860, 194, 0, 266171.8961715698, 39, 0
31920, 192, 0, 266628.8961715698, 39, 0
31980, 191, 0, 267028.3961715698, 39, 0
32040, 190, 0, 267539.89616394043, 39, 0
32100, 191, 0, 268051.89616394043, 39, 0
32160, 192, 0, 268526.39616394043, 39, 0
32220, 189, 0, 269049.39616394043, 39, 0
32280, 186, 0, 269535.39616394043, 39, 0
32340, 185, 0, 270016.89616394043, 39, 0
32400, 184, 0, 270587.3961677551, 39, 0
32460, 185, 0, 271089.3961677551, 39, 0
32520, 185, 0, 271648.8961677551, 39, 0
32580, 186, 0, 272183.3961715698, 39, 0
32640, 186, 0, 272769.8961715698, 39, 0
32700, 184, 0, 273144.8961715698, 39, 0
32760, 186, 0, 273690.8961715698, 39, 0
32820, 186, 0, 273969.3961715698, 39, 0
32880, 185, 0, 274496.8961715698, 39, 0
32940, 184, 0, 274927.8961715698, 39, 0
33000, 183, 0, 275433.3961715698, 39, 0
33060, 184, 0, 275979.3961715698, 39, 0
33120, 183, 0, 276487.3961715698, 31, 0
33180, 186, 0, 277056.3961753845, 31, 0
33240, 188, 0, 277612.3961753845, 31, 0
33300, 187, 0, 277889.8961753845, 31, 0
33360, 186, 0, 278415.3961753845, 31, 0
33420, 186, 0, 278913.3961753845, 31, 0
33480, 186, 0, 279345.8961753845, 31, 0
33540, 184, 0, 279833.3961753845, 31, 0
33600, 183, 0, 280300.3961753845, 31, 0
33660, 186, 0, 280730.3961753845, 31, 0
33720, 186, 0, 281261.3961753845, 31, 0
33780, 186, 0, 281692.8961753845, 31, 0
33840, 185, 0, 282285.3961753845, 31, 0
33900, 189, 0, 282721.8961753845, 31, 0
33960, 190, 0, 283041.3961753845, 31, 0
34020, 190, 0, 283675.8961753845, 31, 0
34080, 191, 0, 284066.3961791992, 31, 0
34140, 191, 0, 284463.3961791992, 31, 0
34200, 192, 0, 284935.8961791992, 31, 0
34260, 193, 0, 285555.3961791992, 31, 0
34320, 189, 0, 286022.8961791992, 31, 0
34380, 188, 0, 286475.3961791992, 31, 0
34440, 188, 0, 286707.8961791992, 31, 0
34500, 188, 0, 287313.3961791992, 31, 0
34560, 188, 0, 287794.8961791992, 37, 0
34620, 187, 0, 288342.3961791992, 37, 0
34680, 187, 0, 288742.8961791992, 37, 0
34740, 189, 0, 289364.3961791992, 37, 0
34800, 191, 0, 289866.8961791992, 37, 0
34860, 194, 0, 290168.8961791992, 37, 0
34920, 193, 0, 290718.8961753845, 37, 0
34980, 190, 0, 291212.8961753845, 37, 0
35040, 186, 0, 291609.3961715698, 37, 0
35100, 185, 0, 292082.3961715698, 37, 0
35160, 186, 0, 292559.3961715698, 37, 0
35220, 186, 0, 293036.8961715698, 37, 0
35280, 182, 0, 293433.8961677551, 37, 0
35340, 183, 0, 293879.3961677551, 37, 0
35400, 181, 0, 294376.3961677551, 37, 0
35460, 183, 0, 294819.8961677551, 37, 0
35520, 181, 0, 295281.89616394043, 37, 0
35580, 184, 0, 295789.89616012573, 37, 0
35640, 183, 0, 296452.89616012573, 37, 0
35700, 183, 0, 296880.89616012573, 37, 0
35760, 181, 0, 297281.89615631104, 37, 0
35820, 183, 0, 297763.39616012573, 37, 0
35880, 181, 0, 298292.89616012573, 37, 0
35940, 181, 0, 298675.39616012573, 37, 0
36000, 178, 0, 299292.39616012573, 36, 0
36060, 179, 0, 299879.39616012573, 36, 0
36120, 181, 0, 300265.39616012573, 36, 0
36180, 181, 0, 300772.89616012573, 36, 0
36240, 183, 0, 301386.39616012573, 36, 0
36300, 183, 0, 301884.39616012573, 36, 0
36360, 182, 0, 302425.89616012573, 36, 0
36420, 182, 0, 302921.89616012573, 36, 0
36480, 182, 0, 303338.89616012573, 36, 0
36540, 181, 0, 303990.39616012573, 36, 0
36600, 180, 0, 304425.39616012573, 36, 0
36660, 182, 0, 304939.89616012573, 36, 0
36720, 177, 0, 305348.89616012573, 36, 0
36780, 179, 0, 305825.39616012573, 36, 0
36840, 179, 0, 306232.89616012573, 36, 0
36900, 181, 0, 306485.39616012573, 36, 0
36960, 179, 0, 306997.89615631104, 36, 0
37020, 181, 0, 307580.39615631104, 36, 0
37080, 184, 0, 308029.39615631104, 36, 0
37140, 186, 0, 308537.39615631104, 36, 0
37200, 186, 0, 309071.39615631104, 36, 0
37260, 187, 0, 309659.39615631104, 36, 0
37320, 187, 0, 310200.89615631104, 36, 0
37380, 187, 0, 310667.39615631104, 36, 0
37440, 188, 0, 311159.39615631104, 40, 0
37500, 191, 0, 311775.89615631104, 40, 0
37560, 192, 0, 312255.89615631104, 40, 0
37620, 193, 0, 312522.39615631104, 40, 0
37680, 194, 0, 312886.89615631104, 40, 0
37740, 195, 0, 313267.89615631104, 40, 0
37800, 194, 0, 313636.89615631104, 40, 0
37860, 194, 0, 314063.39615631104, 40, 0
37920, 195, 0, 314571.39615249634, 40, 0
37980, 195, 0, 315210.89615249634, 40, 0
38040, 195, 0, 315632.89615249634, 40, 0
38100, 196, 0, 316119.89615249634, 40, 0
38160, 194, 0, 316584.39615249634, 40, 0
38220, 193, 0, 317058.39615249634, 40, 0
38280, 192, 0, 317418.39615249634, 40, 0
38340, 193, 0, 317965.39615249634, 40, 0
38400, 194, 0, 318481.89615249634, 40, 0
38460, 193, 0, 318918.39615249634, 40, 0
38520, 194, 0, 319388.89615249634, 40, 0
38580, 194, 0, 319818.39615249634, 40, 0
38640, 195, 0, 320273.39615249634, 40, 0
38700, 195, 0, 320613.89615249634, 40, 0
38760, 194, 0, 321314.39615249634, 40, 0
38820, 199, 0, 321712.39615249634, 40, 0
38880, 202, 0, 322167.89615249634, 43, 0
38940, 200, 0, 322645.39615249634, 43, 0
39000, 198, 0, 323056.39615249634, 43, 0
39060, 198, 0, 323492.89615631104, 43, 0
39120, 201, 0, 323913.89615631104, 43, 0
39180, 200, 0, 324548.89615631104, 43, 0
39240, 202, 0, 324948.39615631104, 43, 0
39300, 200, 0, 325302.39615631104, 43, 0
39360, 200, 0, 325741.39615631104, 43, 0
39420, 201, 0, 326169.89615631104, 43, 0
39480, 195, 0, 326658.89615631104, 43, 0
39540, 194, 0, 326923.89615631104, 43, 0
39600, 192, 0, 327413.39615631104, 43, 0
39660, 191, 0, 327833.89615631104, 43, 0
39720, 191, 0, 328373.89615631104, 43, 0
39780, 191, 0, 328726.39615631104, 43, 0
39840, 190, 0, 329106.89615631104, 43, 0
39900, 188, 0, 329601.89615631104, 43, 0
39960, 188, 0, 330031.39615631104, 43, 0
40020, 185, 0, 330576.39615631104, 43, 0
40080, 180, 0, 331010.89615631104, 43, 0
40140, 176, 0, 331531.39615631104, 43, 0
40200, 177, 0, 331934.89615631104, 43, 0
40260, 177, 0, 332363.39615631104, 43, 0
40320, 175, 0, 332724.89615631104, 37, 0
40380, 174, 0, 333159.89615631104, 37, 0
40440, 176, 0, 333639.89615631104, 37, 0
40500, 178, 0, 334204.39615631104, 37, 0
40560, 180, 0, 334498.39615631104, 37, 0
40620, 177, 0, 334941.89615631104, 37, 0
40680, 177, 0, 335284.39615631104, 37, 0
40740, 177, 0, 335697.39615631104, 37, 0
40800, 176, 0, 336162.89615631104, 37, 0
40860, 177, 0, 336693.39615631104, 37, 0
40920, 179, 0, 337037.39615631104, 37, 0
40980, 182, 0, 337522.89615631104, 37, 0
41040, 181, 0, 337974.39615631104, 37, 0
41100, 185, 0, 338274.89615631104, 37, 0
41160, 187, 0, 338825.89615631104, 37, 0
41220, 191, 0, 339301.89615631104, 37, 0
41280, 193, 0, 339679.89615631104, 37, 0
41340, 190, 0, 339908.89615631104, 37, 0
41400, 187, 0, 340250.39615631104, 37, 0
41460, 187, 0, 340704.89615631104, 37, 0
41520, 187, 0, 341202.89615631104, 37, 0
41580, 188, 0, 341615.39615631104, 37, 0
41640, 190, 0, 342115.89615631104, 37, 0
41700, 189, 0, 342555.39615631104, 37, 0
41760, 189, 0, 342934.39615631104, 44, 0
41820, 191, 0, 343357.39615631104, 44, 0
41880, 190, 0, 343835.39615631104, 44, 0
41940, 189, 0, 344155.39615631104, 44, 0
42000, 192, 0, 344687.89615631104, 44, 0
42060, 191, 0, 345256.89615631104, 44, 0
42120, 189, 0, 345398.89615631104, 44, 0
42180, 189, 0, 345853.39615631104, 44, 0
42240, 188, 0, 346273.39615631104, 44, 0
42300, 188, 0, 346630.39615631104, 44, 0
42360, 189, 0, 347080.39615631104, 44, 0
42420, 188, 0, 347427.89615631104, 44, 0
42480, 187, 0, 347737.39615631104, 44, 0
42540, 186, 0, 348236.89615631104, 44, 0
42600, 187, 0, 348494.39615631104, 44, 0
42660, 188, 0, 348967.89615631104, 44, 0
42720, 186, 0, 349446.89615631104, 44, 0
42780, 186, 0, 349858.39615631104, 44, 0
42840, 187, 0, 350133.89615631104, 44, 0
42900, 185, 0, 350545.89615631104, 44, 0
42960, 183, 0, 351017.39615631104, 44, 0
43020, 183, 0, 351453.89615631104, 44, 0
43080, 180, 0, 351833.89615631104, 44, 0
43140, 184, 0, 352139.39615631104, 44, 0
43200, 184, 0, 352576.39615631104, 33, 0
43260, 184, 0, 352899.89615631104, 33, 0
43320, 180, 0, 353440.39615631104, 33, 0
43380, 178, 0, 353829.39615631104, 33, 0
43440, 179, 0, 354163.89615631104, 33, 0
43500, 179, 0, 354561.89615631104, 33, 0
43560, 179, 0, 355005.89615631104, 33, 0
43620, 176, 0, 355325.39615631104, 33, 0
43680, 179, 0, 355714.39615631104, 33, 0
43740, 179, 0, 356057.39615631104, 33, 0
43800, 176, 0, 356448.39615631104, 33, 0
43860, 176, 0, 356935.89615631104, 33, 0
43920, 177, 0, 357218.39615631104, 33, 0
43980, 178, 0, 357623.89615631104, 33, 0
44040, 177, 0, 357974.39615631104, 33, 0
44100, 178, 0, 358332.89615631104, 33, 0
44160, 180, 0, 358679.89615631104, 33, 0
44220, 183, 0, 359137.39615631104, 33, 0
44280, 184, 0, 359521.39615631104, 33, 0
44340, 185, 0, 359793.89615631104, 33, 0
44400, 185, 0, 360224.89615631104, 33, 0
44460, 186, 0, 360467.89615631104, 33, 0
44520, 184, 0, 360822.89615631104, 33, 0
44580, 184, 0, 361293.39615631104, 33, 0
44640, 184, 0, 361546.89615631104, 31, 0
44700, 184, 0, 361927.89615631104, 31, 0
44760, 184, 0, 362292.39615631104, 31, 0
44820, 183, 0, 362776.89615631104, 31, 0
44880, 185, 0, 363158.89615631104, 31, 0
44940, 185, 0, 363680.89615249634, 31, 0
45000, 184, 0, 363898.39615249634, 31, 0
45060, 186, 0, 364104.39615249634, 31, 0
45120, 187, 0, 364340.39615249634, 31, 0
45180, 186, 0, 364748.39615249634, 31, 0
45240, 188, 0, 365182.39615249634, 31, 0
45300, 188, 0, 365609.39615249634, 31, 0
45360, 189, 0, 365934.39615249634, 31, 0
45420, 189, 0, 366265.39615249634, 31, 0
45480, 187, 0, 366600.89615249634, 31, 0
45540, 184, 0, 366918.39615249634, 31, 0
45600, 185, 0, 367275.39615249634, 31, 0
45660, 185, 0, 367683.89615249634, 31, 0
45720, 185, 0, 368025.39615249634, 31, 0
45780, 183, 0, 368230.39615249634, 31, 0
45840, 183, 0, 368740.89615249634, 31, 0
45900, 184, 0, 369105.39615249634, 31, 0
45960, 185, 0, 369500.39615249634, 31, 0
46020, 185, 0, 369769.39615249634, 31, 0
46080, 183, 0, 370196.39615249634, 27, 0
46140, 183, 0, 370725.39615249634, 27, 0
46200, 183, 0, 371175.89615249634, 27, 0
46260, 184, 0, 371424.89615249634, 27, 0
46320, 184, 0, 371699.39615249634, 27, 0
46380, 184, 0, 372147.39615249634, 27, 0
46440, 183, 0, 372496.39615249634, 27, 0
46500, 185, 0, 372756.89615249634, 27, 0
46560, 185, 0, 373067.39615631104, 27, 0
46620, 185, 0, 373448.39615631104, 27, 0
46680, 187, 0, 373762.39615631104, 27, 0
46740, 186, 0, 373915.89615631104, 27, 0
46800, 185, 0, 374195.39615631104, 27, 0
46860, 184, 0, 374536.39615631104, 27, 0
46920, 184, 0, 374861.89615631104, 27, 0
46980, 187, 0, 375179.39615631104, 27, 0
47040, 186, 0, 375565.39615631104, 27, 0
47100, 184, 0, 375994.39615631104, 27, 0
47160, 184, 0, 376229.39615631104, 27, 0
47220, 186, 0, 376481.39615631104, 27, 0
47280, 188, 0, 376787.39615631104, 27, 0
47340, 185, 0, 377152.89615631104, 27, 0
47400, 184, 0, 377464.39615631104, 27, 0
47460, 186, 0, 377571.89615631104, 27, 0
47520, 189, 0, 377818.39615631104, 41, 0
47580, 188, 0, 378113.39615631104, 41, 0
47640, 186, 0, 378438.39615631104, 41, 0
47700, 186, 0, 378821.39615631104, 41, 0
47760, 187, 0, 379239.39615631104, 41, 0
47820, 189, 0, 379537.39615631104, 41, 0
47880, 188, 0, 379889.89615631104, 41, 0
47940, 189, 0, 380197.39615631104, 41, 0
48000, 192, 0, 380400.89615631104, 41, 0
48060, 185, 0, 380587.89615631104, 41, 0
48120, 184, 0, 380899.39615631104, 41, 0
48180, 182, 0, 381180.39615631104, 41, 0
48240, 182, 0, 381463.39615631104, 41, 0
48300, 181, 0, 381591.89615631104, 41, 0
48360, 180, 0, 382005.89615631104, 41, 0
48420, 180, 0, 382363.39615631104, 41, 0
48480, 181, 0, 382743.89615631104, 41, 0
48540, 180, 0, 382992.39615631104, 41, 0
48600, 180, 0, 383151.89615631104, 41, 0
48660, 181, 0, 383514.39615631104, 41, 0
48720, 185, 0, 383672.89615631104, 41, 0
48780, 189, 0, 384002.89615631104, 41, 0
48840, 189, 0, 384305.89615631104, 41, 0
48900, 189, 0, 384394.39615631104, 41, 0
48960, 187, 0, 384756.39615631104, 38, 0
49020, 189, 0, 385042.89615631104, 38, 0
49080, 191, 0, 385268.89615631104, 38, 0
49140, 191, 0, 385520.89615631104, 38, 0
49200, 190, 0, 385826.39615631104, 38, 0
49260, 189, 0, 385966.39615631104, 38, 0
49320, 186, 0, 386129.89615631104, 38, 0
49380, 185, 0, 386550.39615631104, 38, 0
49440, 186, 0, 386745.39615631104, 38, 0
49500, 187, 0, 387007.89615631104, 38, 0
49560, 188, 0, 387199.89615631104, 38, 0
49620, 187, 0, 387501.39615631104, 38, 0
49680, 187, 0, 387737.89615631104, 38, 0
49740, 190, 0, 387930.39615631104, 38, 0
49800, 190, 0, 388270.39615631104, 38, 0
49860, 189, 0, 388534.89615631104, 38, 0
49920, 188, 0, 388716.39615631104, 38, 0
49980, 188, 0, 388931.89615631104, 38, 0
50040, 188, 0, 389171.89615631104, 38, 0
50100, 191, 0, 389305.89615631104, 38, 0
50160, 190, 0, 389684.89615631104, 38, 0
50220, 189, 0, 389969.39615631104, 38, 0
50280, 189, 0, 390212.39615631104, 38, 0
50340, 185, 0, 390290.89615631104, 38, 0
50400, 188, 0, 390563.39615631104, 35, 0
50460, 186, 0, 390712.89615631104, 35, 0
50520, 186, 0, 391005.39615631104, 35, 0
50580, 185, 0, 391195.89615631104, 35, 0
50640, 186, 0, 391565.39615631104, 35, 0
50700, 190, 0, 391841.89615631104, 35, 0
50760, 187, 0, 391998.39615631104, 35, 0
50820, 187, 0, 392248.39615631104, 35, 0
50880, 188, 0, 392418.39615631104, 35, 0
50940, 188, 0, 392603.39615631104, 35, 0
51000, 188, 0, 392707.89615631104, 35, 0
51060, 189, 0, 392944.89615631104, 35, 0
51120, 191, 0, 393184.39615631104, 35, 0
51180, 189, 0, 393352.89615631104, 35, 0
51240, 188, 0, 393557.39615631104, 35, 0
51300, 185, 0, 393699.39615631104, 35, 0
51360, 184, 0, 393973.89615631104, 35, 0
51420, 185, 0, 394261.39615631104, 35, 0
51480, 186, 0, 394454.39615631104, 35, 0
51540, 186, 0, 394724.39615631104, 35, 0
51600, 185, 0, 394954.39615631104, 35, 0
51660, 187, 0, 395119.39615631104, 35, 0
51720, 189, 0, 395364.39615631104, 35, 0
51780, 188, 0, 395470.89615631104, 35, 0
51840, 185, 0, 395592.39615631104, 33, 0
51900, 184, 0, 395832.89615631104, 33, 0
51960, 183, 0, 395936.89615631104, 33, 0
52020, 185, 0, 396195.39615631104, 33, 0
52080, 182, 0, 396325.89615631104, 33, 0
52140, 182, 0, 396533.89615631104, 33, 0
52200, 181, 0, 396752.89615631104, 33, 0
52260, 180, 0, 396983.89615631104, 33, 0
52320, 182, 0, 397144.89615631104, 33, 0
52380, 184, 0, 397348.39615631104, 33, 0
52440, 184, 0, 397581.39615631104, 33, 0
52500, 184, 0, 397792.39615631104, 33, 0
52560, 187, 0, 397841.39615631104, 33, 0
52620, 184, 0, 398065.89615631104, 33, 0
52680, 185, 0, 398331.89615631104, 33, 0
52740, 185, 0, 398407.89615631104, 33, 0
52800, 186, 0, 398555.89615631104, 33, 0
52860, 185, 0, 398703.39615631104, 33, 0
52920, 185, 0, 398776.89615631104, 33, 0
52980, 188, 0, 398891.89615631104, 33, 0
53040, 187, 0, 399232.39615631104, 33, 0
53100, 187, 0, 399420.89615631104, 33, 0
53160, 186, 0, 399562.89615631104, 33, 0
53220, 187, 0, 399792.89615631104, 33, 0
53280, 189, 0, 399970.89615631104, 47, 0
53340, 190, 0, 400076.39615631104, 47, 0
53400, 190, 0, 400216.39615631104, 47, 0
53460, 191, 0, 400382.89615631104, 47, 0
53520, 191, 0, 400558.39615631104, 47, 0
53580, 192, 0, 400646.39615631104, 47, 0
53640, 192, 0, 400750.39615631104, 47, 0
53700, 194, 0, 400694.39615631104, 47, 0
53760, 194, 0, 400993.39615631104, 47, 0
53820, 193, 0, 401102.39615631104, 47, 0
53880, 191, 0, 401209.39615631104, 47, 0
53940, 188, 0, 401366.39615631104, 47, 0
54000, 189, 0, 401521.89615631104, 47, 0
54060, 189, 0, 401711.39615631104, 47, 0
54120, 185, 0, 401861.39615631104, 47, 0
54180, 183, 0, 402094.39615631104, 47, 0
54240, 181, 0, 402206.39615631104, 47, 0
54300, 185, 0, 402367.39615631104, 47, 0
54360, 186, 0, 402449.39615631104, 47, 0
54420, 186, 0, 402691.89615631104, 47, 0
54480, 186, 0, 402768.89615631104, 47, 0
54540, 185, 0, 402988.89615631104, 47, 0
54600, 184, 0, 403097.89615631104, 47, 0
54660, 183, 0, 403231.89615631104, 47, 0
54720, 181, 0, 403456.39615631104, 36, 0
54780, 182, 0, 403532.89615631104, 36, 0
54840, 181, 0, 403689.39615631104, 36, 0
54900, 181, 0, 403757.39615631104, 36, 0
54960, 184, 0, 403809.89615631104, 36, 0
55020, 185, 0, 403885.89615631104, 36, 0
55080, 187, 0, 404039.39615631104, 36, 0
55140, 186, 0, 404122.89615631104, 36, 0
55200, 184, 0, 404315.39615631104, 36, 0
55260, 184, 0, 404308.89615631104, 36, 0
55320, 188, 0, 404297.39615631104, 36, 0
55380, 188, 0, 404468.39615631104, 36, 0
55440, 187, 0, 404551.89615631104, 36, 0
55500, 189, 0, 404776.89615631104, 36, 0
55560, 188, 0, 404858.39615631104, 36, 0
55620, 190, 0, 404840.39615631104, 36, 0
55680, 189, 0, 405034.39615631104, 36, 0
55740, 189, 0, 405068.39615631104, 36, 0
55800, 189, 0, 405125.39615631104, 36, 0
55860, 189, 0, 405428.39615631104, 36, 0
55920, 185, 0, 405373.89615631104, 36, 0
55980, 182, 0, 405555.39615631104, 36, 0
56040, 183, 0, 405664.89615631104, 36, 0
56100, 182, 0, 405764.39615631104, 36, 0
56160, 181, 0, 405937.89615631104, 36, 0
56220, 182, 0, 406012.89615631104, 36, 0
56280, 183, 0, 406139.39615631104, 36, 0
56340, 183, 0, 406244.39615631104, 36, 0
56400, 183, 0, 406406.89615631104, 36, 0
56460, 184, 0, 406492.89615631104, 36, 0
56520, 185, 0, 406520.89615631104, 36, 0
56580, 186, 0, 406685.39615631104, 36, 0
56640, 189, 0, 406733.39615631104, 36, 0
56700, 188, 0, 406828.39615631104, 36, 0
56760, 186, 0, 406942.89615631104, 36, 0
56820, 185, 0, 406986.89615631104, 36, 0
56880, 185, 0, 407086.39615631104, 36, 0
56940, 186, 0, 407216.89615631104, 36, 0
57000, 187, 0, 407235.89615631104, 36, 0
57060, 187, 0, 407322.39615631104, 36, 0
57120, 185, 0, 407477.39615631104, 36, 0
57180, 185, 0, 407615.39615631104, 36, 0
57240, 186, 0, 407691.89615631104, 36, 0
57300, 187, 0, 407695.89615631104, 36, 0
57360, 189, 0, 407712.89615631104, 36, 0
57420, 188, 0, 407845.89615631104, 36, 0
57480, 185, 0, 407998.89615631104, 36, 0
57540, 186, 0, 408000.89615631104, 36, 0
57600, 187, 0, 408092.89615631104, 30, 0
57660, 185, 0, 408099.89615631104, 30, 0
57720, 185, 0, 408224.89615631104, 30, 0
57780, 183, 0, 408313.39615631104, 30, 0
57840, 184, 0, 408290.39615631104, 30, 0
57900, 184, 0, 408466.89615631104, 30, 0
57960, 185, 0, 408483.39615631104, 30, 0
58020, 186, 0, 408598.89615631104, 30, 0
58080, 187, 0, 408663.89615631104, 30, 0
58140, 189, 0, 408780.89615631104, 30, 0
58200, 190, 0, 408858.89615631104, 30, 0
58260, 187, 0, 408868.39615631104, 30, 0
58320, 186, 0, 408890.39615631104, 30, 0
58380, 182, 0, 409016.89615631104, 30, 0
58440, 182, 0, 409004.89615631104, 30, 0
58500, 182, 0, 409044.39615631104, 30, 0
58560, 183, 0, 409258.39615631104, 30, 0
58620, 183, 0, 409507.89615631104, 30, 0
58680, 183, 0, 409477.89615631104, 30, 0
58740, 183, 0, 409423.39615631104, 30, 0
58800, 185, 0, 409477.89615631104, 30, 0
58860, 184, 0, 409544.89615631104, 30, 0
58920, 182, 0, 409616.89615631104, 30, 0
58980, 183, 0, 409666.89615631104, 30, 0
59040, 182, 0, 409665.89615631104, 35, 0
59100, 182, 0, 409792.39615631104, 35, 0
59160, 182, 0, 409814.39615631104, 35, 0
59220, 183, 0, 409868.89615631104, 35, 0
59280, 186, 0, 409939.89615631104, 35, 0
59340, 186, 0, 410179.39615631104, 35, 0
59400, 187, 0, 410172.89615631104, 35, 0
59460, 185, 0, 410196.39615631104, 35, 0
59520, 186, 0, 410156.39615631104, 35, 0
59580, 188, 0, 410335.89615631104, 35, 0
59640, 191, 0, 410287.39615631104, 35, 0
59700, 194, 0, 410296.89615631104, 35, 0
59760, 192, 0, 410462.89615631104, 35, 0
59820, 192, 0, 410403.39615631104, 35, 0
59880, 192, 0, 410481.39615631104, 35, 0
59940, 194, 0, 410476.39615631104, 35, 0
60000, 197, 0, 410478.89615631104, 35, 0
60060, 200, 0, 410604.89615631104, 35, 0
60120, 199, 0, 410570.89615631104, 35, 0
60180, 198, 0, 410621.89615631104, 35, 0
60240, 198, 0, 410733.39615631104, 35, 0
60300, 198, 0, 410786.39615631104, 35, 0
60360, 199, 0, 410726.39615631104, 35, 0
60420, 199, 0, 410856.89615631104, 35, 0
60480, 195, 0, 410838.39615631104, 48, 0
60540, 190, 0, 410856.39615631104, 48, 0
60600, 188, 0, 410933.39615631104, 48, 0
60660, 188, 0, 411129.89615631104, 48, 0
60720, 188, 0, 411007.39615631104, 48, 0
60780, 189, 0, 411037.39615631104, 48, 0
60840, 189, 0, 411199.89615631104, 48, 0
60900, 188, 0, 411131.89615631104, 48, 0
60960, 189, 0, 411300.39615631104, 48, 0
61020, 190, 0, 411329.39615631104, 48, 0
61080, 189, 0, 411358.89615631104, 48, 0
61140, 187, 0, 411457.89615631104, 48, 0
61200, 186, 0, 411309.39615631104, 48, 0
61260, 185, 0, 411534.89615631104, 48, 0
61320, 186, 0, 411457.39615631104, 48, 0
61380, 184, 0, 411492.39615631104, 48, 0
61440, 185, 0, 411507.89615631104, 48, 0
61500, 183, 0, 411785.39615631104, 48, 0
61560, 182, 0, 411876.39615631104, 48, 0
61620, 181, 0, 411981.39615631104, 48, 0
61680, 181, 0, 411903.89615631104, 48, 0
61740, 182, 0, 411946.89615631104, 48, 0
61800, 186, 0, 411860.39615631104, 48, 0
61860, 186, 0, 411838.39615631104, 48, 0
61920, 185, 0, 411832.89615631104, 33, 0
61980, 186, 0, 411876.39615631104, 33, 0
62040, 188, 0, 411877.89615631104, 33, 0
62100, 187, 0, 411971.89615631104, 33, 0
62160, 187, 0, 411938.89615631104, 33, 0
62220, 186, 0, 412033.39615631104, 33, 0
62280, 186, 0, 412024.39615631104, 33, 0
62340, 186, 0, 412054.89615631104, 33, 0
62400, 186, 0, 412178.39615631104, 33, 0
62460, 186, 0, 412044.39615631104, 33, 0
62520, 188, 0, 412095.89615631104, 33, 0
62580, 189, 0, 412101.39615631104, 33, 0
62640, 192, 0, 412089.89615631104, 33, 0
62700, 190, 0, 412155.89615631104, 33, 0
62760, 189, 0, 412277.89615631104, 33, 0
62820, 190, 0, 412302.89615631104, 33, 0
62880, 191, 0, 412288.89615631104, 33, 0
62940, 192, 0, 412278.89615631104, 33, 0
63000, 189, 0, 412347.89615631104, 33, 0
63060, 188, 0, 412431.39615631104, 33, 0
63120, 188, 0, 412465.39615631104, 33, 0
63180, 189, 0, 412409.89615631104, 33, 0
63240, 191, 0, 412393.89615631104, 33, 0
63300, 190, 0, 412320.89615631104, 33, 0
63360, 191, 0, 412335.39615631104, 32, 0
63420, 189, 0, 412450.39615631104, 32, 0
63480, 189, 0, 412582.89615631104, 32, 0
63540, 189, 0, 412457.39615631104, 32, 0
63600, 189, 0, 412529.39615631104, 32, 0
63660, 189, 0, 412581.39615631104, 32, 0
63720, 190, 0, 412761.89615631104, 32, 0
63780, 192, 0, 412641.89615631104, 32, 0
63840, 190, 0, 412703.89615631104, 32, 0
63900, 189, 0, 412686.89615631104, 32, 0
63960, 191, 0, 412568.89615631104, 32, 0
64020, 189, 0, 412795.89615631104, 32, 0
64080, 188, 0, 412793.89615631104, 32, 0
64140, 186, 0, 412750.89615631104, 32, 0
64200, 187, 0, 412887.39615631104, 32, 0
64260, 188, 0, 412982.89615631104, 32, 0
64320, 190, 0, 412982.89615631104, 32, 0
64380, 188, 0, 412896.39615631104, 32, 0
64440, 189, 0, 412959.89615631104, 32, 0
64500, 190, 0, 412946.89615631104, 32, 0
64560, 193, 0, 412828.39615631104, 32, 0
64620, 192, 0, 412898.89615631104, 32, 0
64680, 193, 0, 412958.89615631104, 32, 0
64740, 192, 0, 412926.39615631104, 32, 0
64800, 188, 0, 412953.89615631104, 30, 0
64860, 185, 0, 413020.39615631104, 30, 0
64920, 185, 0, 412976.89615631104, 30, 0
64980, 186, 0, 413026.39615631104, 30, 0
65040, 185, 0, 413055.39615631104, 30, 0
65100, 183, 0, 412999.89615631104, 30, 0
65160, 183, 0, 413121.39615631104, 30, 0
65220, 183, 0, 413116.39615631104, 30, 0
65280, 181, 0, 413183.39615631104, 30, 0
65340, 180, 0, 413311.89615631104, 30, 0
65400, 179, 0, 413240.39615631104, 30, 0
65460, 181, 0, 413239.89615631104, 30, 0
65520, 182, 0, 413214.89615631104, 30, 0
65580, 185, 0, 413246.89615631104, 30, 0
65640, 187, 0, 413355.89615631104, 30, 0
65700, 187, 0, 413357.39615631104, 30, 0
65760, 187, 0, 413230.89615631104, 30, 0
65820, 185, 0, 413217.39615631104, 30, 0
65880, 185, 0, 413400.89615631104, 30, 0
65940, 186, 0, 413390.39615631104, 30, 0
66000, 185, 0, 413416.39615631104, 30, 0
66060, 185, 0, 413322.39615631104, 30, 0
66120, 189, 0, 413368.39615631104, 30, 0
66180, 189, 0, 413305.89615631104, 30, 0
66240, 188, 0, 413510.39615631104, 36, 0
66300, 189, 0, 413424.39615631104, 36, 0
66360, 190, 0, 413417.39615631104, 36, 0
66420, 192, 0, 413393.39615631104, 36, 0
66480, 192, 0, 413380.39615631104, 36, 0
66540, 190, 0, 413549.39615631104, 36, 0
66600, 191, 0, 413554.39615631104, 36, 0
66660, 191, 0, 413465.39615631104, 36, 0
66720, 192, 0, 413375.89615631104, 36, 0
66780, 190, 0, 413516.89615631104, 36, 0
66840, 190, 0, 413538.39615631104, 36, 0
66900, 189, 0, 413499.89615631104, 36, 0
66960, 188, 0, 413582.89615631104, 36, 0
67020, 188, 0, 413555.89615631104, 36, 0
67080, 189, 0, 413395.89615631104, 36, 0
67140, 188, 0, 413561.39615631104, 36, 0
67200, 190, 0, 413601.39615631104, 36, 0
67260, 190, 0, 413735.39615631104, 36, 0
67320, 189, 0, 413658.89615631104, 36, 0
67380, 187, 0, 413745.89615631104, 36, 0
67440, 187, 0, 413712.39615631104, 36, 0
67500, 187, 0, 413677.39615631104, 36, 0
67560, 187, 0, 413706.89615631104, 36, 0
67620, 186, 0, 413734.89615631104, 36, 0
67680, 187, 0, 413780.89615631104, 34, 0
67740, 188, 0, 413607.89615631104, 34, 0
67800, 189, 0, 413779.39615631104, 34, 0
67860, 188, 0, 413670.89615631104, 34, 0
67920, 189, 0, 413845.89615631104, 34, 0
67980, 191, 0, 413904.39615631104, 34, 0
68040, 192, 0, 413779.89615631104, 34, 0
68100, 192, 0, 413779.39615631104, 34, 0
68160, 196, 0, 413840.89615631104, 34, 0
68220, 194, 0, 413824.89615631104, 34, 0
68280, 192, 0, 413908.89615631104, 34, 0
68340, 194, 0, 413953.39615631104, 34, 0
68400, 195, 0, 413774.39615631104, 34, 0
68460, 195, 0, 413802.39615631104, 34, 0
68520, 195, 0, 413868.39615631104, 34, 0
68580, 195, 0, 413860.89615631104, 34, 0
68640, 197, 0, 413839.39615631104, 34, 0
68700, 195, 0, 413957.39615631104, 34, 0
68760, 193, 0, 413829.89615631104, 34, 0
68820, 193, 0, 413865.89615631104, 34, 0
68880, 195, 0, 413851.89615631104, 34, 0
68940, 195, 0, 413902.39615631104, 34, 0
69000, 199, 0, 413884.39615631104, 34, 0
69060, 199, 0, 414015.89615631104, 34, 0
69120, 198, 0, 414093.39615631104, 49, 0
69180, 199, 0, 414091.39615631104, 49, 0
69240, 197, 0, 414037.89615631104, 49, 0
69300, 197, 0, 414190.39615631104, 49, 0
69360, 197, 0, 414020.89615631104, 49, 0
69420, 196, 0, 413988.39615631104, 49, 0
69480, 197, 0, 413845.39615631104, 49, 0
69540, 194, 0, 413865.89615631104, 49, 0
69600, 193, 0, 413974.39615631104, 49, 0
69660, 192, 0, 414008.39615631104, 49, 0
69720, 191, 0, 413940.89615631104, 49, 0
69780, 193, 0, 413866.89615631104, 49, 0
69840, 190, 0, 413942.89615631104, 49, 0
69900, 185, 0, 414004.89615631104, 49, 0
69960, 184, 0, 414022.39615631104, 49, 0
70020, 181, 0, 413889.89615631104, 49, 0
70080, 180, 0, 414027.39615631104, 49, 0
70140, 178, 0, 414061.39615631104, 49, 0
70200, 180, 0, 413977.89615631104, 49, 0
70260, 179, 0, 413894.89615631104, 49, 0
70320, 182, 0, 414011.39615631104, 49, 0
70380, 182, 0, 413978.39615631104, 49, 0
70440, 184, 0, 414042.89615631104, 49, 0
70500, 184, 0, 413984.39615631104, 49, 0
70560, 184, 0, 414070.39615631104, 39, 0
70620, 181, 0, 414020.89615631104, 39, 0
70680, 181, 0, 414038.89615631104, 39, 0
70740, 184, 0, 414143.39615631104, 39, 0
70800, 185, 0, 414077.39615631104, 39, 0
70860, 186, 0, 413990.39615631104, 39, 0
70920, 186, 0, 414109.39615631104, 39, 0
70980, 186, 0, 414159.39615631104, 39, 0
71040, 187, 0, 414192.89615631104, 39, 0
71100, 187, 0, 414253.39615631104, 39, 0
71160, 189, 0, 414030.39615631104, 39, 0
71220, 188, 0, 414164.89615631104, 39, 0
71280, 191, 0, 414185.89615631104, 39, 0
71340, 192, 0, 414085.89615631104, 39, 0
71400, 190, 0, 414147.89615631104, 39, 0
71460, 189, 0, 414066.89615631104, 39, 0
71520, 189, 0, 414110.89615631104, 39, 0
71580, 191, 0, 414065.39615631104, 39, 0
71640, 193, 0, 414050.39615631104, 39, 0
71700, 194, 0, 414064.89615631104, 39, 0
71760, 198, 0, 414152.89615631104, 39, 0
71820, 200, 0, 414084.89615631104, 39, 0
71880, 199, 0, 414123.39615631104, 39, 0
71940, 199, 0, 414059.39615631104, 39, 0
72000, 199, 0, 414116.89615631104, 43, 0
72060, 197, 0, 414032.89615631104, 43, 0
72120, 195, 0, 414031.89615631104, 43, 0
72180, 195, 0, 414027.39615631104, 43, 0
72240, 195, 0, 414064.39615631104, 43, 0
72300, 194, 0, 414109.39615631104, 43, 0
72360, 195, 0, 414056.39615631104, 43, 0
72420, 195, 0, 414102.39615631104, 43, 0
72480, 195, 0, 414062.89615631104, 43, 0
72540, 191, 0, 414109.89615631104, 43, 0
72600, 191, 0, 414131.39615631104, 43, 0
72660, 190, 0, 414262.89615631104, 43, 0
72720, 188, 0, 414115.89615631104, 43, 0
72780, 190, 0, 414109.39615631104, 43, 0
72840, 188, 0, 414004.89615631104, 43, 0
72900, 185, 0, 414017.89615631104, 43, 0
72960, 184, 0, 414093.89615631104, 43, 0
73020, 183, 0, 414087.39615631104, 43, 0
73080, 182, 0, 414154.39615631104, 43, 0
73140, 180, 0, 414120.39615631104, 43, 0
73200, 180, 0, 414134.39615631104, 43, 0
73260, 181, 0, 414249.89615631104, 43, 0
73320, 182, 0, 414204.39615631104, 43, 0
73380, 181, 0, 414253.39615631104, 43, 0
73440, 182, 0, 414203.39615631104, 22, 0
73500, 183, 0, 414203.89615631104, 22, 0
73560, 183, 0, 414115.39615631104, 22, 0
73620, 182, 0, 414072.89615631104, 22, 0
73680, 180, 0, 414197.89615631104, 22, 0
73740, 180, 0, 414093.89615631104, 22, 0
73800, 179, 0, 414163.39615631104, 22, 0
73860, 180, 0, 414152.89615631104, 22, 0
73920, 180, 0, 414187.89615631104, 22, 0
73980, 180, 0, 414231.89615631104, 22, 0
74040, 178, 0, 414270.39615631104, 22, 0
74100, 179, 0, 414226.39615631104, 22, 0
74160, 178, 0, 414279.89615631104, 22, 0
74220, 180, 0, 414264.39615631104, 22, 0
74280, 182, 0, 414184.39615631104, 22, 0
74340, 180, 0, 414227.39615631104, 22, 0
74400, 182, 0, 414251.39615631104, 22, 0
74460, 183, 0, 414184.89615631104, 22, 0
74520, 184, 0, 414235.39615631104, 22, 0
74580, 184, 0, 414160.39615631104, 22, 0
74640, 185, 0, 414318.39615631104, 22, 0
74700, 183, 0, 414132.39615631104, 22, 0
74760, 183, 0, 414180.89615631104, 22, 0
74820, 181, 0, 414177.89615631104, 22, 0
74880, 181, 0, 414270.39615631104, 26, 0
74940, 184, 0, 414338.89615631104, 26, 0
75000, 187, 0, 414296.39615631104, 26, 0
75060, 188, 0, 414303.39615631104, 26, 0
75120, 188, 0, 414240.89615631104, 26, 0
75180, 190, 0, 414335.39615631104, 26, 0
75240, 189, 0, 414308.89615631104, 26, 0
75300, 188, 0, 414451.89615631104, 26, 0
75360, 188, 0, 414451.39615631104, 26, 0
75420, 188, 0, 414297.89615631104, 26, 0
75480, 189, 0, 414327.89615631104, 26, 0
75540, 191, 0, 414210.89615631104, 26, 0
75600, 195, 0, 414174.89615631104, 26, 0
75660, 195, 0, 414239.39615631104, 26, 0
75720, 196, 0, 414158.39615631104, 26, 0
75780, 196, 0, 414270.89615631104, 26, 0
75840, 195, 0, 414308.39615631104, 26, 0
75900, 197, 0, 414224.89615631104, 26, 0
75960, 195, 0, 414279.39615631104, 26, 0
76020, 195, 0, 414220.39615631104, 26, 0
76080, 197, 0, 414257.39615631104, 26, 0
76140, 197, 0, 414215.89615631104, 26, 0
76200, 198, 0, 414240.39615631104, 26, 0
76260, 197, 0, 414228.89615631104, 26, 0
76320, 196, 0, 414248.89615631104, 49, 0
76380, 195, 0, 414172.89615631104, 49, 0
76440, 194, 0, 414093.89615631104, 49, 0
76500, 194, 0, 414182.39615631104, 49, 0
76560, 193, 0, 414177.89615631104, 49, 0
76620, 194, 0, 414174.89615631104, 49, 0
76680, 194, 0, 414130.89615631104, 49, 0
76740, 195, 0, 414153.89615631104, 49, 0
76800, 195, 0, 414235.39615631104, 49, 0
76860, 190, 0, 414308.39615631104, 49, 0
76920, 188, 0, 414221.39615631104, 49, 0
76980, 188, 0, 414215.39615631104, 49, 0
77040, 185, 0, 414181.89615631104, 49, 0
77100, 186, 0, 414246.89615631104, 49, 0
77160, 188, 0, 414210.39615631104, 49, 0
77220, 187, 0, 414248.39615631104, 49, 0
77280, 186, 0, 414290.39615631104, 49, 0
77340, 184, 0, 414198.39615631104, 49, 0
77400, 185, 0, 414326.89615631104, 49, 0
77460, 186, 0, 414191.39615631104, 49, 0
77520, 186, 0, 414115.39615631104, 49, 0
77580, 187, 0, 414154.39615631104, 49, 0
77640, 187, 0, 414154.39615631104, 49, 0
77700, 184, 0, 414144.39615631104, 49, 0
77760, 185, 0, 414178.89615631104, 35, 0
77820, 184, 0, 414203.89615631104, 35, 0
77880, 182, 0, 414197.89615631104, 35, 0
77940, 182, 0, 414229.89615631104, 35, 0
78000, 180, 0, 414108.39615631104, 35, 0
78060, 175, 0, 414222.39615631104, 35, 0
78120, 176, 0, 414174.89615631104, 35, 0
78180, 175, 0, 414224.89615631104, 35, 0
78240, 173, 0, 414163.39615631104, 35, 0
78300, 170, 0, 414230.39615631104, 35, 0
78360, 171, 0, 414235.89615631104, 35, 0
78420, 174, 0, 414352.89615631104, 35, 0
78480, 174, 0, 414375.89615631104, 35, 0
78540, 177, 0, 414263.89615631104, 35, 0
78600, 178, 0, 414292.39615631104, 35, 0
78660, 180, 0, 414331.39615631104, 35, 0
78720, 184, 0, 414401.89615631104, 35, 0
78780, 184, 0, 414300.89615631104, 35, 0
78840, 186, 0, 414260.39615631104, 35, 0
78900, 189, 0, 414286.89615631104, 35, 0
78960, 187, 0, 414218.89615631104, 35, 0
79020, 189, 0, 414259.89615631104, 35, 0
79080, 185, 0, 414230.39615631104, 35, 0
79140, 184, 0, 414241.89615631104, 35, 0
79200, 186, 0, 414297.39615631104, 43, 0
79260, 187, 0, 414186.89615631104, 43, 0
79320, 185, 0, 414198.39615631104, 43, 0
79380, 185, 0, 414202.89615631104, 43, 0
79440, 187, 0, 414109.89615631104, 43, 0
79500, 187, 0, 414061.39615631104, 43, 0
79560, 187, 0, 414245.89615631104, 43, 0
79620, 186, 0, 414241.39615631104, 43, 0
79680, 188, 0, 414258.39615631104, 43, 0
79740, 188, 0, 414300.89615631104, 43, 0
79800, 190, 0, 414135.89615631104, 43, 0
79860, 188, 0, 414167.39615631104, 43, 0
79920, 187, 0, 414177.89615631104, 43, 0
79980, 188, 0, 414159.39615631104, 43, 0
80040, 188, 0, 414179.89615631104, 43, 0
80100, 189, 0, 414180.39615631104, 43, 0
80160, 191, 0, 414202.89615631104, 43, 0
80220, 194, 0, 414082.39615631104, 43, 0
80280, 195, 0, 414053.89615631104, 43, 0
80340, 194, 0, 414109.39615631104, 43, 0
80400, 193, 0, 414113.39615631104, 43, 0
80460, 195, 0, 414124.89615631104, 43, 0
80520, 194, 0, 414202.89615631104, 43, 0
80580, 192, 0, 414071.89615631104, 43, 0
80640, 192, 0, 414143.89615631104, 37, 0
80700, 191, 0, 414094.39615631104, 37, 0
80760, 190, 0, 414160.89615631104, 37, 0
80820, 190, 0, 414178.39615631104, 37, 0
80880, 190, 0, 414228.89615631104, 37, 0
80940, 189, 0, 414389.89615631104, 37, 0
81000, 186, 0, 414242.39615631104, 37, 0
81060, 187, 0, 414365.89615631104, 37, 0
81120, 189, 0, 414280.89615631104, 37, 0
81180, 189, 0, 414219.39615631104, 37, 0
81240, 187, 0, 414325.39615631104, 37, 0
81300, 186, 0, 414222.39615631104, 37, 0
81360, 184, 0, 414180.39615631104, 37, 0
81420, 184, 0, 414212.89615631104, 37, 0
81480, 188, 0, 414159.89615631104, 37, 0
81540, 191, 0, 414228.39615631104, 37, 0
81600, 191, 0, 414226.39615631104, 37, 0
81660, 191, 0, 414352.39615631104, 37, 0
81720, 194, 0, 414254.39615631104, 37, 0
81780, 194, 0, 414313.39615631104, 37, 0
81840, 193, 0, 414270.39615631104, 37, 0
81900, 193, 0, 414327.89615631104, 37, 0
81960, 194, 0, 414216.39615631104, 37, 0
82020, 192, 0, 414208.39615631104, 37, 0
82080, 193, 0, 414234.89615631104, 40, 0
82140, 193, 0, 414305.39615631104, 40, 0
82200, 193, 0, 414369.39615631104, 40, 0
82260, 191, 0, 414294.89615631104, 40, 0
82320, 193, 0, 414165.39615631104, 40, 0
82380, 195, 0, 414129.89615631104, 40, 0
82440, 196, 0, 414069.39615631104, 40, 0
82500, 195, 0, 414097.39615631104, 40, 0
82560, 193, 0, 414022.89615631104, 40, 0
82620, 192, 0, 414080.39615631104, 40, 0
82680, 191, 0, 414109.89615631104, 40, 0
82740, 191, 0, 414191.89615631104, 40, 0
82800, 189, 0, 414166.39615631104, 40, 0
82860, 188, 0, 414175.89615631104, 40, 0
82920, 188, 0, 414196.89615631104, 40, 0
82980, 184, 0, 414263.39615631104, 40, 0
83040, 184, 0, 414267.89615631104, 40, 0
83100, 184, 0, 414218.89615631104, 40, 0
83160, 182, 0, 414267.89615631104, 40, 0
83220, 184, 0, 414205.39615631104, 40, 0
83280, 181, 0, 414255.39615631104, 40, 0
83340, 181, 0, 414306.39615631104, 40, 0
83400, 179, 0, 414214.39615631104, 40, 0
83460, 177, 0, 414296.39615631104, 40, 0
83520, 180, 0, 414246.39615631104, 33, 0
83580, 180, 0, 414268.39615631104, 33, 0
