ticks, rabbits, foxes, biomass, r_births, f_births
0, 913, 87, 6157731.701178193, 0, 0
60, 970, 108, 6320374.67622304, 0, 0
120, 1022, 125, 6480611.123051882, 0, 0
180, 1100, 138, 6637446.752560377, 0, 0
240, 1216, 147, 6791362.26588738, 0, 0
300, 1361, 101, 6941522.691152334, 0, 0
360, 1541, 100, 7085569.917118311, 0, 0
420, 1783, 95, 7223738.276653767, 0, 0
480, 2122, 92, 7354182.951716781, 0, 0
540, 2513, 89, 7477517.273735166, 0, 0
600, 3054, 89, 7588751.074456215, 0, 0
660, 3719, 86, 7685938.064793348, 0, 0
720, 4537, 81, 7769507.876675606, 0, 0
780, 5568, 73, 7830518.823757052, 0, 0
840, 6879, 60, 7865906.4890755415, 0, 0
900, 8496, 56, 7867433.713784575, 0, 0
960, 10469, 47, 7839618.182141662, 0, 0
1020, 12629, 37, 7770606.501338363, 0, 0
1080, 15427, 33, 7663248.628548384, 0, 0
1140, 18799, 35, 7502269.865407348, 0, 0
1200, 22627, 40, 7287588.165720582, 0, 0
1260, 27124, 44, 7007343.383588672, 0, 0
1320, 32257, 51, 6660942.738496065, 0, 0
1380, 37989, 61, 6262137.828148127, 0, 0
1440, 44468, 67, 5797206.3074326515, 44819, 136
1500, 51190, 79, 5293790.425105691, 44819, 136
1560, 58199, 95, 4747889.025129199, 44819, 136
1620, 65483, 105, 4171527.243102312, 44819, 136
1680, 72633, 133, 3600992.3693956137, 44819, 136
1740, 79327, 155, 3041573.372058153, 44819, 136
1800, 85271, 180, 2533100.2624902725, 44819, 136
1860, 90414, 207, 2083901.7875515223, 44819, 136
1920, 94250, 245, 1694612.341571927, 44819, 136
1980, 96991, 276, 1370651.2060079575, 44819, 136
2040, 98442, 327, 1094260.4533586502, 44819, 136
2100, 98657, 370, 869242.2087049484, 44819, 136
2160, 97375, 437, 687615.0112429857, 44819, 136
2220, 94926, 498, 544497.6839828491, 44819, 136
2280, 91141, 554, 444846.0311214924, 44819, 136
2340, 85971, 595, 377393.0905909538, 44819, 136
2400, 80089, 639, 341501.94639372826, 44819, 136
2460, 73761, 669, 323884.05200207233, 44819, 136
2520, 67019, 691, 319803.37054133415, 44819, 136
2580, 60092, 707, 324602.5381052494, 44819, 136
2640, 53361, 730, 334883.15408825874, 44819, 136
2700, 46953, 736, 351202.9339542389, 44819, 136
2760, 41013, 724, 370795.86255037785, 44819, 136
2820, 35883, 711, 390639.7756112814, 44819, 136
2880, 31605, 690, 413866.5819582939, 77304, 1091
2940, 28011, 670, 440617.5198235512, 77304, 1091
3000, 25081, 629, 467585.02092301846, 77304, 1091
3060, 22745, 596, 496872.76676130295, 77304, 1091
3120, 20939, 552, 526088.271663785, 77304, 1091
3180, 19503, 497, 556343.6998378038, 77304, 1091
3240, 18460, 448, 585363.0194503069, 77304, 1091
3300, 17651, 403, 617979.458172679, 77304, 1091
3360, 17018, 353, 652526.6550625563, 77304, 1091
3420, 16634, 309, 690055.5570515394, 77304, 1091
3480, 16321, 274, 729853.7762922049, 77304, 1091
3540, 16152, 239, 770649.9856351614, 77304, 1091
3600, 15998, 219, 813120.6926640272, 77304, 1091
3660, 15960, 191, 855680.9772204161, 77304, 1091
3720, 15935, 173, 895189.3239420652, 77304, 1091
3780, 15943, 166, 933073.1478503942, 77304, 1091
3840, 16004, 158, 969662.2876867056, 77304, 1091
3900, 16185, 158, 1002170.7193826437, 77304, 1091
3960, 16418, 152, 1032572.8746131659, 77304, 1091
4020, 16691, 141, 1059554.4442104101, 77304, 1091
4080, 17036, 136, 1078613.6338547468, 77304, 1091
4140, 17440, 134, 1092966.0834406614, 77304, 1091
4200, 17918, 136, 1099867.3629111052, 77304, 1091
4260, 18462, 142, 1099860.9050348997, 77304, 1091
4320, 19114, 146, 1092139.3111284971, 10525, 183
4380, 19905, 155, 1077074.029319644, 10525, 183
4440, 20694, 157, 1053813.1646755934, 10525, 183
4500, 21587, 156, 1022765.284344554, 10525, 183
4560, 22555, 158, 981268.1354807615, 10525, 183
4620, 23598, 174, 933704.9697026014, 10525, 183
4680, 24708, 176, 879563.7745169401, 10525, 183
4740, 25830, 187, 815910.7980211973, 10525, 183
4800, 26890, 207, 750592.8825335503, 10525, 183
4860, 27881, 222, 685287.7666611671, 10525, 183
4920, 28876, 237, 622062.9211816788, 10525, 183
4980, 29735, 256, 556236.7904663086, 10525, 183
5040, 30421, 271, 496271.2763900757, 10525, 183
5100, 30959, 298, 443862.8080444336, 10525, 183
5160, 31440, 318, 391337.3168487549, 10525, 183
5220, 31674, 346, 344566.8207092285, 10525, 183
5280, 31762, 365, 308838.41889953613, 10525, 183
5340, 31620, 400, 280323.67557525635, 10525, 183
5400, 31309, 434, 258413.2752456665, 10525, 183
5460, 30788, 467, 242398.35961151123, 10525, 183
5520, 30188, 481, 231107.34825897217, 10525, 183
5580, 29494, 510, 224408.73628997803, 10525, 183
5640, 28685, 533, 222756.93196868896, 10525, 183
5700, 27833, 559, 225717.9957962036, 10525, 183
5760, 26884, 570, 233878.55599212646, 24262, 928
5820, 25915, 592, 246276.2476348877, 24262, 928
5880, 24993, 612, 261204.3705291748, 24262, 928
5940, 24044, 624, 280699.8702697754, 24262, 928
6000, 23087, 642, 304911.0209579468, 24262, 928
6060, 22204, 651, 332900.0419692993, 24262, 928
6120, 21359, 653, 362847.01987457275, 24262, 928
6180, 20675, 647, 395900.6909942627, 24262, 928
6240, 19999, 643, 429125.03482818604, 24262, 928
6300, 19399, 648, 466215.388092041, 24262, 928
6360, 18841, 630, 504238.78897857666, 24262, 928
6420, 18346, 619, 544010.3772506714, 24262, 928
6480, 17836, 605, 585327.7843399048, 24262, 928
6540, 17412, 601, 625201.7830047607, 24262, 928
6600, 17023, 588, 668969.1929473877, 24262, 928
6660, 16759, 581, 713005.7125473022, 24262, 928
6720, 16519, 559, 757155.4355545044, 24262, 928
6780, 16374, 527, 801260.9267349243, 24262, 928
6840, 16286, 511, 842763.136680603, 24262, 928
6900, 16197, 496, 886520.1127624512, 24262, 928
6960, 16181, 472, 929315.1057510376, 24262, 928
7020, 16152, 461, 968751.546546936, 24262, 928
7080, 16158, 442, 1006823.2978057861, 24262, 928
7140, 16181, 428, 1045067.4263076782, 24262, 928
7200, 16246, 428, 1078605.974533081, 8957, 832
7260, 16407, 423, 1110615.9640350342, 8957, 832
7320, 16592, 425, 1142374.195640564, 8957, 832
7380, 16718, 409, 1171420.807914734, 8957, 832
7440, 16903, 396, 1199292.289352417, 8957, 832
7500, 17106, 389, 1224742.5235290527, 8957, 832
7560, 17255, 388, 1246440.3705444336, 8957, 832
7620, 17464, 389, 1264991.5745620728, 8957, 832
7680, 17659, 397, 1279692.9233169556, 8957, 832
7740, 17890, 404, 1290066.6531982422, 8957, 832
7800, 18223, 409, 1292859.5650405884, 8957, 832
7860, 18586, 412, 1290669.9911956787, 8957, 832
7920, 19013, 426, 1284762.4288635254, 8957, 832
7980, 19568, 435, 1272246.4740905762, 8957, 832
8040, 20094, 443, 1251754.6051330566, 8957, 832
8100, 20608, 464, 1226912.789199829, 8957, 832
8160, 21088, 498, 1194402.6007537842, 8957, 832
8220, 21664, 505, 1158876.454360962, 8957, 832
8280, 22264, 513, 1119592.0663070679, 8957, 832
8340, 22867, 527, 1075086.6634902954, 8957, 832
8400, 23504, 541, 1025310.7820663452, 8957, 832
8460, 24072, 562, 973008.624671936, 8957, 832
8520, 24692, 574, 915734.4061508179, 8957, 832
8580, 25175, 591, 863952.7104797363, 8957, 832
8640, 25605, 610, 814699.787147522, 24674, 943
8700, 25849, 638, 770066.7785186768, 24674, 943
8760, 25990, 671, 730681.9498672485, 24674, 943
8820, 25902, 703, 693215.8535003662, 24674, 943
8880, 25767, 733, 660907.4710235596, 24674, 943
8940, 25577, 771, 633590.5258331299, 24674, 943
9000, 25116, 812, 614697.18359375, 24674, 943
9060, 24555, 852, 600816.0347671509, 24674, 943
9120, 23893, 878, 597635.9682693481, 24674, 943
9180, 23145, 910, 601204.7999649048, 24674, 943
9240, 22235, 943, 614892.1045150757, 24674, 943
9300, 21235, 969, 635861.6989746094, 24674, 943
9360, 20178, 986, 666231.5502166748, 24674, 943
9420, 19279, 1020, 699339.7909469604, 24674, 943
9480, 18280, 1020, 735425.0516815186, 24674, 943
9540, 17321, 1039, 773781.2463302612, 24674, 943
9600, 16465, 1039, 817859.2424697876, 24674, 943
9660, 15784, 1038, 861524.933883667, 24674, 943
9720, 15160, 1018, 906445.3750610352, 24674, 943
9780, 14745, 984, 952896.6571502686, 24674, 943
9840, 14223, 968, 1003575.7950973511, 24674, 943
9900, 13895, 927, 1055867.0065307617, 24674, 943
9960, 13698, 897, 1109727.5305480957, 24674, 943
10020, 13582, 859, 1161578.399848938, 24674, 943
10080, 13453, 817, 1214071.1356658936, 16749, 1591
10140, 13425, 773, 1268447.8192825317, 16749, 1591
10200, 13512, 748, 1321414.7567214966, 16749, 1591
10260, 13555, 708, 1368876.818222046, 16749, 1591
10320, 13713, 679, 1414586.7523498535, 16749, 1591
10380, 13897, 648, 1457313.5790481567, 16749, 1591
10440, 14081, 610, 1495439.6539611816, 16749, 1591
10500, 14272, 594, 1531963.2240219116, 16749, 1591
10560, 14450, 548, 1566920.5673446655, 16749, 1591
10620, 14632, 523, 1602622.2645645142, 16749, 1591
10680, 14906, 503, 1631470.5127105713, 16749, 1591
10740, 15240, 495, 1655828.1926956177, 16749, 1591
10800, 15565, 482, 1672978.2800750732, 16749, 1591
10860, 15971, 490, 1687529.2795715332, 16749, 1591
10920, 16422, 489, 1697015.2669525146, 16749, 1591
10980, 16901, 496, 1699525.7589645386, 16749, 1591
11040, 17442, 495, 1700030.9333114624, 16749, 1591
11100, 18022, 496, 1691586.4256210327, 16749, 1591
11160, 18658, 501, 1675829.764640808, 16749, 1591
11220, 19314, 503, 1654715.2002792358, 16749, 1591
11280, 19983, 518, 1635180.6130371094, 16749, 1591
11340, 20536, 531, 1611640.319618225, 16749, 1591
11400, 21135, 547, 1582073.6426391602, 16749, 1591
11460, 21645, 547, 1552793.5587539673, 16749, 1591
11520, 22103, 561, 1523683.6112365723, 22908, 878
11580, 22551, 571, 1488810.9669570923, 22908, 878
11640, 22979, 591, 1448065.5183639526, 22908, 878
