ticks, rabbits, foxes, biomass, r_births, f_births
0, 896, 106, 8472644.750247002, 1, 1
60, 933, 136, 8694044.307849765, 1, 1
120, 1005, 148, 8912060.439805984, 1, 1
180, 1071, 159, 9126346.015796661, 1, 1
240, 1188, 172, 9337323.854540467, 1, 1
300, 1329, 122, 9544875.518162847, 1, 1
360, 1496, 124, 9747836.638913155, 1, 1
420, 1756, 113, 9943573.330402136, 1, 1
480, 2041, 110, 1.0135289618055224E7, 1, 1
540, 2418, 108, 1.0317545194095492E7, 1, 1
600, 2933, 109, 1.048818433308196E7, 1, 1
660, 3589, 102, 1.0645284993062854E7, 1, 1
720, 4435, 90, 1.0784008968050122E7, 1, 1
780, 5519, 72, 1.0902054905521393E7, 1, 1
840, 6841, 61, 1.0994394538187504E7, 1, 1
900, 8539, 51, 1.1051620523747444E7, 1, 1
960, 10584, 44, 1.107281453486967E7, 1, 1
1020, 13083, 26, 1.1049650825815916E7, 1, 1
1080, 16210, 22, 1.0962760220418453E7, 1, 1
1140, 20106, 15, 1.0810406448390365E7, 1, 1
1200, 24722, 13, 1.0583863804736257E7, 1, 1
1260, 30049, 14, 1.0289618580243587E7, 1, 1
1320, 36425, 12, 9901654.193906903, 1, 1
1380, 43673, 13, 9429461.959811926, 1, 1
1440, 51703, 14, 8879321.68412149, 51203, 100
1500, 60339, 15, 8262109.840047121, 51203, 100
1560, 69707, 19, 7574786.925511122, 51203, 100
1620, 79565, 23, 6828452.989686608, 51203, 100
1680, 89802, 23, 6063336.972558022, 51203, 100
1740, 99834, 28, 5298761.925632358, 51203, 100
1800, 109138, 33, 4591073.265864253, 51203, 100
1860, 117510, 38, 3927377.010748267, 51203, 100
1920, 125154, 37, 3302298.6282879114, 51203, 100
1980, 131641, 39, 2734669.544487953, 51203, 100
2040, 136738, 45, 2230886.9739859104, 51203, 100
2100, 140381, 50, 1793943.1649023294, 51203, 100
2160, 142439, 53, 1415161.2954710722, 51203, 100
2220, 142600, 56, 1106780.4613165855, 51203, 100
